{
    "loc_man_hour": {
        "coefficient": 0.5623340806231233,
        "intercept": 3.396343181484509,
        "mean": 7.67324768639417e-16,
        "std": 0.9451754416350835
    },
    "man_hour_month": {
        "coefficient": 0.32589000513562666,
        "intercept": -0.9131181218873428,
        "mean": 3.395029828926203e-16,
        "std": 0.3911178878794098
    },
    "develop5_records": [
        [
            0.03286384977,
            0.06103286385,
            0.6666666667,
            0.1267605634,
            0.11267605630000001
        ],
        [
            0.046052631579999996,
            0.45394736840000005,
            0.19078947370000002,
            0.1776315789,
            0.1315789474
        ],
        [
            0.05,
            0.2214285714,
            0.3,
            0.21428571429999999,
            0.21428571429999999
        ],
        [
            0.05241935484,
            0.06451612903,
            0.3870967742,
            0.47580645159999996,
            0.02016129032
        ],
        [
            0.05369127517000001,
            0.1946308725,
            0.2483221477,
            0.1342281879,
            0.3691275168
        ],
        [
            0.06730769231,
            0.1923076923,
            0.3076923077,
            0.2692307692,
            0.1634615385
        ],
        [
            0.0703125,
            0.1484375,
            0.3125,
            0.3671875,
            0.1015625
        ],
        [
            0.07291666667,
            0.1458333333,
            0.17708333329999998,
            0.3125,
            0.2916666667
        ],
        [
            0.07874015748,
            0.03937007874,
            0.5984251969,
            0.2047244094,
            0.07874015748
        ],
        [
            0.08,
            0.05,
            0.11,
            0.36,
            0.4
        ],
        [
            0.08264462809999999,
            0.1377410468,
            0.16804407710000002,
            0.2920110193,
            0.31955922870000003
        ],
        [
            0.08264462809999999,
            0.16528925619999998,
            0.3388429752,
            0.2479338843,
            0.16528925619999998
        ],
        [
            0.08928571429,
            0.2797619048,
            0.2797619048,
            0.22023809519999998,
            0.130952381
        ],
        [
            0.09036144578,
            0.030120481929999998,
            0.4096385542,
            0.2048192771,
            0.26506024100000003
        ],
        [
            0.09677419355,
            0.08797653958999999,
            0.4780058651,
            0.2404692082,
            0.09677419355
        ],
        [
            0.09708737864,
            0.2394822006,
            0.2394822006,
            0.2621359223,
            0.1618122977
        ],
        [
            0.09900990099,
            0.16831683170000003,
            0.3267326733,
            0.22772277230000001,
            0.1782178218
        ],
        [
            0.1014492754,
            0.18840579710000002,
            0.2898550725,
            0.2173913043,
            0.2028985507
        ],
        [
            0.1020408163,
            0.15306122449999998,
            0.2857142857,
            0.15306122449999998,
            0.30612244899999996
        ],
        [
            0.10294117650000001,
            0.16911764710000002,
            0.3970588235,
            0.11764705880000001,
            0.2132352941
        ],
        [
            0.1037037037,
            0.2592592593,
            0.25185185190000003,
            0.237037037,
            0.14814814810000002
        ],
        [
            0.10526315789999999,
            0.1578947368,
            0.1929824561,
            0.24561403510000002,
            0.298245614
        ],
        [
            0.10526315789999999,
            0.21052631579999997,
            0.2894736842,
            0.10526315789999999,
            0.2894736842
        ],
        [
            0.10526315789999999,
            0.026315789469999996,
            0.5,
            0.3157894737,
            0.052631578949999994
        ],
        [
            0.1054852321,
            0.08438818564999999,
            0.08438818564999999,
            0.3839662447,
            0.3417721519
        ],
        [
            0.11224489800000001,
            0.1836734694,
            0.193877551,
            0.2959183673,
            0.21428571429999999
        ],
        [
            0.11627906980000001,
            0.11627906980000001,
            0.41860465119999996,
            0.1627906977,
            0.1860465116
        ],
        [
            0.11627906980000001,
            0.11627906980000001,
            0.476744186,
            0.11627906980000001,
            0.17441860469999998
        ],
        [
            0.1180124224,
            0.06832298137000001,
            0.26708074530000003,
            0.27950310559999997,
            0.26708074530000003
        ],
        [
            0.1203319502,
            0.1659751037,
            0.25311203320000003,
            0.25311203320000003,
            0.2074688797
        ],
        [
            0.12416107380000001,
            0.1912751678,
            0.20805369129999998,
            0.2483221477,
            0.2281879195
        ],
        [
            0.125,
            0.25,
            0.375,
            0.125,
            0.125
        ],
        [
            0.12962962960000002,
            0.12962962960000002,
            0.44444444439999997,
            0.1666666667,
            0.12962962960000002
        ],
        [
            0.1319444444,
            0.1041666667,
            0.5625,
            0.11111111109999999,
            0.09027777777999998
        ],
        [
            0.1333333333,
            0.25,
            0.23333333329999997,
            0.23333333329999997,
            0.15
        ],
        [
            0.1340206186,
            0.2268041237,
            0.2783505155,
            0.1649484536,
            0.1958762887
        ],
        [
            0.13559322029999998,
            0.1016949153,
            0.2711864407,
            0.2203389831,
            0.2711864407
        ],
        [
            0.1369863014,
            0.1575342466,
            0.1438356164,
            0.23972602739999999,
            0.3219178082
        ],
        [
            0.1385281385,
            0.1731601732,
            0.4502164502,
            0.1731601732,
            0.06493506494
        ],
        [
            0.1393568147,
            0.24808575800000002,
            0.2511485452,
            0.2664624809,
            0.09494640122999999
        ],
        [
            0.14,
            0.14,
            0.46,
            0.18,
            0.08
        ],
        [
            0.14,
            0.2,
            0.3,
            0.13,
            0.23
        ],
        [
            0.141025641,
            0.2820512821,
            0.2564102564,
            0.051282051280000004,
            0.2692307692
        ],
        [
            0.14150943400000002,
            0.14150943400000002,
            0.2877358491,
            0.2877358491,
            0.14150943400000002
        ],
        [
            0.14285714289999998,
            0.16071428570000001,
            0.2678571429,
            0.1964285714,
            0.23214285710000002
        ],
        [
            0.14285714289999998,
            0.1785714286,
            0.25,
            0.2571428571,
            0.1714285714
        ],
        [
            0.14285714289999998,
            0.1298701299,
            0.1558441558,
            0.4025974026,
            0.1688311688
        ],
        [
            0.14492753619999998,
            0.14492753619999998,
            0.2898550725,
            0.2753623188,
            0.14492753619999998
        ],
        [
            0.1477272727,
            0.1704545455,
            0.2727272727,
            0.2840909091,
            0.125
        ],
        [
            0.14814814810000002,
            0.3259259259,
            0.20370370370000002,
            0.09259259259,
            0.2296296296
        ],
        [
            0.14827586210000002,
            0.20689655170000001,
            0.2103448276,
            0.2103448276,
            0.224137931
        ],
        [
            0.1492537313,
            0.09950248756,
            0.2985074627,
            0.1492537313,
            0.30348258710000003
        ],
        [
            0.14948453609999998,
            0.07731958762999999,
            0.1391752577,
            0.061855670099999996,
            0.5721649485
        ],
        [
            0.152173913,
            0.09782608696,
            0.1739130435,
            0.2826086957,
            0.2934782609
        ],
        [
            0.15306122449999998,
            0.1632653061,
            0.2653061224,
            0.3367346939,
            0.08163265306
        ],
        [
            0.15306122449999998,
            0.08163265306,
            0.193877551,
            0.4183673469,
            0.15306122449999998
        ],
        [
            0.1538461538,
            0.10769230769999999,
            0.32307692309999997,
            0.23076923079999997,
            0.18461538460000002
        ],
        [
            0.1538461538,
            0.1538461538,
            0.23076923079999997,
            0.23076923079999997,
            0.23076923079999997
        ],
        [
            0.1578947368,
            0.0977443609,
            0.1353383459,
            0.21804511280000002,
            0.3909774436
        ],
        [
            0.1578947368,
            0.2157894737,
            0.2157894737,
            0.09473684211000001,
            0.3157894737
        ],
        [
            0.15853658539999999,
            0.13414634150000002,
            0.4756097561,
            0.1219512195,
            0.10975609759999999
        ],
        [
            0.15853658539999999,
            0.1219512195,
            0.2926829268,
            0.30487804879999997,
            0.1219512195
        ],
        [
            0.1590909091,
            0.125,
            0.4431818182,
            0.125,
            0.1477272727
        ],
        [
            0.1612903226,
            0.3225806452,
            0.2056451613,
            0.1209677419,
            0.18951612899999998
        ],
        [
            0.1650485437,
            0.2718446602,
            0.2233009709,
            0.1941747573,
            0.145631068
        ],
        [
            0.1657458564,
            0.11049723759999999,
            0.11049723759999999,
            0.2762430939,
            0.3370165746
        ],
        [
            0.1666666667,
            0.05555555556,
            0.22222222219999999,
            0.2555555556,
            0.3
        ],
        [
            0.1666666667,
            0.1666666667,
            0.2777777778,
            0.22222222219999999,
            0.1666666667
        ],
        [
            0.1666666667,
            0.2777777778,
            0.28888888890000003,
            0.1555555556,
            0.11111111109999999
        ],
        [
            0.1675977654,
            0.1675977654,
            0.2737430168,
            0.22346368719999998,
            0.1675977654
        ],
        [
            0.168,
            0.2,
            0.272,
            0.264,
            0.096
        ],
        [
            0.16853932579999997,
            0.16853932579999997,
            0.22471910109999998,
            0.22471910109999998,
            0.2134831461
        ],
        [
            0.1724137931,
            0.1293103448,
            0.35344827590000005,
            0.1293103448,
            0.2155172414
        ],
        [
            0.1724137931,
            0.1448275862,
            0.31034482760000004,
            0.16551724140000001,
            0.20689655170000001
        ],
        [
            0.1732283465,
            0.18110236219999998,
            0.3858267717,
            0.1338582677,
            0.125984252
        ],
        [
            0.1739130435,
            0.14492753619999998,
            0.14492753619999998,
            0.2898550725,
            0.2463768116
        ],
        [
            0.1739130435,
            0.2282608696,
            0.25,
            0.25,
            0.09782608696
        ],
        [
            0.1754385965,
            0.149122807,
            0.1929824561,
            0.1315789474,
            0.350877193
        ],
        [
            0.17575757579999998,
            0.09090909091,
            0.1818181818,
            0.3090909091,
            0.2424242424
        ],
        [
            0.17582417579999998,
            0.058608058610000006,
            0.19780219780000002,
            0.5274725275,
            0.04029304029
        ],
        [
            0.17582417579999998,
            0.17582417579999998,
            0.35164835159999996,
            0.1043956044,
            0.1923076923
        ],
        [
            0.1764705882,
            0.10588235289999999,
            0.1411764706,
            0.23529411760000002,
            0.3411764706
        ],
        [
            0.1769911504,
            0.16519174039999998,
            0.17994100289999998,
            0.2389380531,
            0.2389380531
        ],
        [
            0.1774193548,
            0.17204301079999998,
            0.2150537634,
            0.1612903226,
            0.2741935484
        ],
        [
            0.1777777778,
            0.2,
            0.24444444440000002,
            0.21333333329999998,
            0.1644444444
        ],
        [
            0.1818181818,
            0.1818181818,
            0.1818181818,
            0.3181818182,
            0.13636363640000002
        ],
        [
            0.1824817518,
            0.197080292,
            0.204379562,
            0.12408759119999999,
            0.2919708029
        ],
        [
            0.1829268293,
            0.1300813008,
            0.2479674797,
            0.2357723577,
            0.2032520325
        ],
        [
            0.1834862385,
            0.09174311927,
            0.2752293578,
            0.1743119266,
            0.2752293578
        ],
        [
            0.1834862385,
            0.1376146789,
            0.2660550459,
            0.1834862385,
            0.2293577982
        ],
        [
            0.1869158879,
            0.3177570093,
            0.3177570093,
            0.037383177569999995,
            0.1401869159
        ],
        [
            0.1869158879,
            0.1588785047,
            0.19626168219999998,
            0.19626168219999998,
            0.261682243
        ],
        [
            0.1875,
            0.1458333333,
            0.20833333329999998,
            0.125,
            0.3333333333
        ],
        [
            0.18867924530000002,
            0.18867924530000002,
            0.18867924530000002,
            0.1823899371,
            0.251572327
        ],
        [
            0.18954248370000001,
            0.26143790850000004,
            0.1633986928,
            0.1960784314,
            0.18954248370000001
        ],
        [
            0.18957345969999997,
            0.14218009480000002,
            0.23696682460000001,
            0.18957345969999997,
            0.24170616109999998
        ],
        [
            0.19,
            0.105,
            0.145,
            0.345,
            0.215
        ],
        [
            0.1917808219,
            0.2123287671,
            0.2465753425,
            0.3082191781,
            0.04109589041
        ],
        [
            0.1923076923,
            0.07692307692000001,
            0.2435897436,
            0.141025641,
            0.34615384619999995
        ],
        [
            0.1964285714,
            0.08928571429,
            0.3571428571,
            0.1785714286,
            0.1785714286
        ],
        [
            0.198019802,
            0.05940594059,
            0.3102310231,
            0.26402640260000004,
            0.16831683170000003
        ],
        [
            0.198019802,
            0.3514851485,
            0.3514851485,
            0.0495049505,
            0.0495049505
        ],
        [
            0.198019802,
            0.07920792079,
            0.2376237624,
            0.1584158416,
            0.3267326733
        ],
        [
            0.1986754967,
            0.13245033109999998,
            0.1986754967,
            0.24503311260000002,
            0.2251655629
        ],
        [
            0.2,
            0.2,
            0.2,
            0.2,
            0.2
        ],
        [
            0.2,
            0.2,
            0.2,
            0.2,
            0.2
        ],
        [
            0.20114942530000002,
            0.2471264368,
            0.2643678161,
            0.1724137931,
            0.11494252869999999
        ],
        [
            0.2013422819,
            0.2348993289,
            0.2348993289,
            0.11409395970000001,
            0.21476510070000002
        ],
        [
            0.20155038760000002,
            0.2713178295,
            0.2403100775,
            0.20155038760000002,
            0.08527131783
        ],
        [
            0.203539823,
            0.2831858407,
            0.2654867257,
            0.1681415929,
            0.0796460177
        ],
        [
            0.2048192771,
            0.1927710843,
            0.13253012050000001,
            0.2048192771,
            0.26506024100000003
        ],
        [
            0.20512820510000002,
            0.2564102564,
            0.35897435899999997,
            0.03846153846000001,
            0.141025641
        ],
        [
            0.2121212121,
            0.2575757576,
            0.303030303,
            0.1515151515,
            0.07575757576
        ],
        [
            0.21292775670000003,
            0.1825095057,
            0.22433460079999998,
            0.1520912548,
            0.22813688210000002
        ],
        [
            0.2131147541,
            0.1721311475,
            0.3032786885,
            0.16393442619999998,
            0.14754098359999998
        ],
        [
            0.21527777780000001,
            0.1527777778,
            0.4166666667,
            0.07638888888999999,
            0.1388888889
        ],
        [
            0.2162921348,
            0.1966292135,
            0.1938202247,
            0.2078651685,
            0.1853932584
        ],
        [
            0.2166666667,
            0.1333333333,
            0.1666666667,
            0.23333333329999997,
            0.25
        ],
        [
            0.2169811321,
            0.09433962264000001,
            0.28301886789999997,
            0.3301886792,
            0.07547169811000001
        ],
        [
            0.2173913043,
            0.1304347826,
            0.1304347826,
            0.347826087,
            0.1739130435
        ],
        [
            0.217877095,
            0.1675977654,
            0.1061452514,
            0.22346368719999998,
            0.2849162011
        ],
        [
            0.2198275862,
            0.1293103448,
            0.1724137931,
            0.1293103448,
            0.349137931
        ],
        [
            0.22222222219999999,
            0.05555555556,
            0.22222222219999999,
            0.2777777778,
            0.22222222219999999
        ],
        [
            0.22346368719999998,
            0.15083798880000002,
            0.1787709497,
            0.312849162,
            0.1340782123
        ],
        [
            0.22471910109999998,
            0.1573033708,
            0.37453183520000005,
            0.09363295880000001,
            0.1498127341
        ],
        [
            0.22471910109999998,
            0.22471910109999998,
            0.22471910109999998,
            0.2134831461,
            0.11235955060000001
        ],
        [
            0.22695035460000001,
            0.21276595739999998,
            0.21276595739999998,
            0.2056737589,
            0.1418439716
        ],
        [
            0.2272727273,
            0.1022727273,
            0.2272727273,
            0.25,
            0.1931818182
        ],
        [
            0.2283464567,
            0.19685039370000001,
            0.3149606299,
            0.11023622050000001,
            0.1496062992
        ],
        [
            0.23076923079999997,
            0.20979020980000002,
            0.27972027969999996,
            0.1398601399,
            0.1398601399
        ],
        [
            0.23076923079999997,
            0.23076923079999997,
            0.23076923079999997,
            0.23076923079999997,
            0.07692307692000001
        ],
        [
            0.23529411760000002,
            0.20588235289999998,
            0.1764705882,
            0.2647058824,
            0.11764705880000001
        ],
        [
            0.2359550562,
            0.19101123600000003,
            0.1629213483,
            0.25280898879999997,
            0.1573033708
        ],
        [
            0.2377622378,
            0.2377622378,
            0.1818181818,
            0.19580419579999997,
            0.14685314689999998
        ],
        [
            0.2390438247,
            0.1593625498,
            0.2071713147,
            0.2390438247,
            0.1553784861
        ],
        [
            0.2413793103,
            0.15517241380000002,
            0.1896551724,
            0.06896551724,
            0.3448275862
        ],
        [
            0.2419354839,
            0.2016129032,
            0.3951612903,
            0.06451612903,
            0.09677419355
        ],
        [
            0.24299065420000002,
            0.17757009350000003,
            0.1869158879,
            0.2056074766,
            0.1869158879
        ],
        [
            0.2435897436,
            0.21794871789999998,
            0.21794871789999998,
            0.1282051282,
            0.1923076923
        ],
        [
            0.243902439,
            0.162601626,
            0.26829268289999997,
            0.162601626,
            0.162601626
        ],
        [
            0.24583333329999998,
            0.1625,
            0.375,
            0.1208333333,
            0.09583333332999999
        ],
        [
            0.2459016393,
            0.2131147541,
            0.1967213115,
            0.14754098359999998,
            0.1967213115
        ],
        [
            0.2464788732,
            0.2042253521,
            0.3098591549,
            0.1267605634,
            0.11267605630000001
        ],
        [
            0.24691358019999998,
            0.24691358019999998,
            0.2345679012,
            0.14814814810000002,
            0.12345679009999999
        ],
        [
            0.24691358019999998,
            0.11111111109999999,
            0.30864197530000004,
            0.12345679009999999,
            0.20987654320000002
        ],
        [
            0.2477477477,
            0.1936936937,
            0.2612612613,
            0.1126126126,
            0.1846846847
        ],
        [
            0.25,
            0.08333333333,
            0.08333333333,
            0.25,
            0.3333333333
        ],
        [
            0.25,
            0.15,
            0.1333333333,
            0.2166666667,
            0.25
        ],
        [
            0.25,
            0.1875,
            0.25,
            0.1875,
            0.125
        ],
        [
            0.251497006,
            0.2395209581,
            0.2395209581,
            0.1497005988,
            0.119760479
        ],
        [
            0.2523364486,
            0.1869158879,
            0.2523364486,
            0.1682242991,
            0.1401869159
        ],
        [
            0.2526315789,
            0.21052631579999997,
            0.2421052632,
            0.1789473684,
            0.11578947369999999
        ],
        [
            0.253968254,
            0.2777777778,
            0.2777777778,
            0.039682539680000004,
            0.1507936508
        ],
        [
            0.2542372881,
            0.2542372881,
            0.2542372881,
            0.186440678,
            0.05084745763
        ],
        [
            0.2556390977,
            0.14285714289999998,
            0.3007518797,
            0.1503759398,
            0.1503759398
        ],
        [
            0.26,
            0.1,
            0.4,
            0.08,
            0.16
        ],
        [
            0.2608695652,
            0.1739130435,
            0.2608695652,
            0.1739130435,
            0.1304347826
        ],
        [
            0.26143790850000004,
            0.1568627451,
            0.1764705882,
            0.339869281,
            0.06535947712000001
        ],
        [
            0.2624113475,
            0.17021276600000002,
            0.2659574468,
            0.12765957449999998,
            0.1737588652
        ],
        [
            0.2631578947,
            0.1578947368,
            0.10526315789999999,
            0.21052631579999997,
            0.2631578947
        ],
        [
            0.2659574468,
            0.1595744681,
            0.2021276596,
            0.1595744681,
            0.21276595739999998
        ],
        [
            0.2710280374,
            0.29906542059999996,
            0.1869158879,
            0.19626168219999998,
            0.046728971960000004
        ],
        [
            0.2752293578,
            0.2752293578,
            0.2752293578,
            0.08256880734000001,
            0.09174311927
        ],
        [
            0.27559055120000003,
            0.125984252,
            0.25196850390000003,
            0.2047244094,
            0.1417322835
        ],
        [
            0.27605118829999997,
            0.2577696527,
            0.22303473489999998,
            0.01279707495,
            0.23034734920000002
        ],
        [
            0.2820512821,
            0.2564102564,
            0.2564102564,
            0.1025641026,
            0.1025641026
        ],
        [
            0.2826086957,
            0.2065217391,
            0.1739130435,
            0.25,
            0.08695652174
        ],
        [
            0.2843137255,
            0.11764705880000001,
            0.2156862745,
            0.2647058824,
            0.11764705880000001
        ],
        [
            0.2867132867,
            0.1608391608,
            0.20979020980000002,
            0.1328671329,
            0.20979020980000002
        ],
        [
            0.2870813397,
            0.13397129189999998,
            0.1435406699,
            0.24401913879999998,
            0.1913875598
        ],
        [
            0.2888086643,
            0.2117930205,
            0.2888086643,
            0.1985559567,
            0.012033694340000001
        ],
        [
            0.29,
            0.17,
            0.07,
            0.2,
            0.27
        ],
        [
            0.2907801418,
            0.2907801418,
            0.2907801418,
            0.06382978722999999,
            0.06382978722999999
        ],
        [
            0.2941176471,
            0.1470588235,
            0.3137254902,
            0.11764705880000001,
            0.1274509804
        ],
        [
            0.303030303,
            0.1212121212,
            0.2727272727,
            0.1212121212,
            0.1818181818
        ],
        [
            0.303030303,
            0.1919191919,
            0.2525252525,
            0.11111111109999999,
            0.1414141414
        ],
        [
            0.3043478261,
            0.1594202899,
            0.2173913043,
            0.1594202899,
            0.1594202899
        ],
        [
            0.30864197530000004,
            0.08641975309000001,
            0.2345679012,
            0.12345679009999999,
            0.24691358019999998
        ],
        [
            0.3153846154,
            0.07692307692000001,
            0.1538461538,
            0.1461538462,
            0.3076923077
        ],
        [
            0.3228346457,
            0.07086614173,
            0.1732283465,
            0.157480315,
            0.27559055120000003
        ],
        [
            0.33061224489999996,
            0.2204081633,
            0.2285714286,
            0.1306122449,
            0.08979591837000002
        ],
        [
            0.3333333333,
            0.08888888889,
            0.28888888890000003,
            0.22222222219999999,
            0.06666666667
        ],
        [
            0.3355704698,
            0.1342281879,
            0.15436241609999998,
            0.1879194631,
            0.1879194631
        ],
        [
            0.3359375,
            0.1171875,
            0.1953125,
            0.15625,
            0.1953125
        ],
        [
            0.3442622951,
            0.131147541,
            0.2131147541,
            0.08196721311,
            0.22950819670000003
        ],
        [
            0.3675675676,
            0.14594594589999998,
            0.2540540541,
            0.1513513514,
            0.08108108107999999
        ],
        [
            0.36956521740000003,
            0.1086956522,
            0.2826086957,
            0.2173913043,
            0.02173913043
        ],
        [
            0.37237237240000004,
            0.08708708708999999,
            0.12012012009999999,
            0.1501501502,
            0.2702702703
        ],
        [
            0.4205607477,
            0.1728971963,
            0.1822429907,
            0.1401869159,
            0.08411214953
        ],
        [
            0.496124031,
            0.04651162791,
            0.2248062016,
            0.1550387597,
            0.07751937984
        ],
        [
            0.5128205128,
            0.1282051282,
            0.1282051282,
            0.11538461539999999,
            0.11538461539999999
        ],
        [
            0.5423728814,
            0.033898305079999996,
            0.16949152539999998,
            0.16949152539999998,
            0.08474576270999999
        ]
    ]
}